[Obs-parameter] 
 Site_name   = FUKU
 Campaign    = 1105.meiyo_m4
 Date(UTC)   = 2011-04-26
 Date(jday)  = 2011-116
 Ref.Frame   = ITRF2008
 SoundSpeed  = ./obsdata/FUKU/FUKU.1105.meiyo_m4-svp.csv

[Data-file]
 datacsv     = ./obsdata/FUKU/FUKU.1105.meiyo_m4-obs.csv
 N_shot      = 10658
 used_shot   =     0

[Site-parameter]
 Latitude0   =  37.16666667
 Longitude0  = 142.08338889
 Height0     =  34.00
 Stations    = M01 M02 M03 M04 M11 M12 M13 M14
# Array_cent :   'cntpos_E'  'cntpos_N'  'cntpos_U'
 Center_ENU  =    -23.5125    -72.9875  -1248.7500

[Model-parameter]
# MT_Pos     :   'stapos_E'  'stapos_N'  'stapos_U'   'sigma_E'   'sigma_N'   'sigma_U'   'cov_NU'    'cov_UE'    'cov_EN'
 M01_dPos    =    -11.1000    471.6000  -1235.1000      3.0000      3.0000      3.0000   0.000e+00   0.000e+00   0.000e+00
 M02_dPos    =    550.1000    -18.9000  -1264.6500      3.0000      3.0000      3.0000   0.000e+00   0.000e+00   0.000e+00
 M03_dPos    =    -13.2000   -636.3000  -1264.1500      3.0000      3.0000      3.0000   0.000e+00   0.000e+00   0.000e+00
 M04_dPos    =   -626.0000    -25.0000  -1228.9000      3.0000      3.0000      3.0000   0.000e+00   0.000e+00   0.000e+00
 M11_dPos    =    -13.0000    426.4000  -1237.1000      3.0000      3.0000      3.0000   0.000e+00   0.000e+00   0.000e+00
 M12_dPos    =    549.5000    -49.4000  -1264.5000      3.0000      3.0000      3.0000   0.000e+00   0.000e+00   0.000e+00
 M13_dPos    =    -14.9000   -679.0000  -1265.6000      3.0000      3.0000      3.0000   0.000e+00   0.000e+00   0.000e+00
 M14_dPos    =   -609.5000    -73.3000  -1230.0000      3.0000      3.0000      3.0000   0.000e+00   0.000e+00   0.000e+00
 dCentPos    =      0.0000      0.0000      0.0000      0.0000      0.0000      0.0000   0.000e+00   0.000e+00   0.000e+00
# ANT_to_TD  :    'forward' 'rightward'  'downward'   'sigma_F'   'sigma_R'   'sigma_D'   'cov_RD'    'cov_DF'    'cov_FR'
 ATDoffset   =      1.9452     -0.7653     21.3339      0.0000      0.0000      0.0000   0.000e+00   0.000e+00   0.000e+00

