[Obs-parameter] 
 Site_name   = TOS2
 Campaign    = 1905.meiyo_m5
 Date(UTC)   = 2019-05-05
 Date(jday)  = 2019-125
 Ref.Frame   = ITRF2014
 SoundSpeed  = ./obsdata/TOS2/TOS2.1905.meiyo_m5-svp.csv

[Data-file]
 datacsv     = ./obsdata/TOS2/TOS2.1905.meiyo_m5-obs.csv
 N_shot      =  7168
 used_shot   =     0

[Site-parameter]
 Latitude0   =  32.42861111
 Longitude0  = 134.03194444
 Height0     =  35.00
 Stations    = M01 M02 M03 M04 M11 M12 M13 M14
# Array_cent :   'cntpos_E'  'cntpos_N'  'cntpos_U'
 Center_ENU  =    149.5896      7.3454  -1779.1806

[Model-parameter]
# MT_Pos     :   'stapos_E'  'stapos_N'  'stapos_U'   'sigma_E'   'sigma_N'   'sigma_U'   'cov_NU'    'cov_UE'    'cov_EN'
 M01_dPos    =      4.4460    885.8840  -1776.6790      3.0000      3.0000      3.0000   0.000e+00   0.000e+00   0.000e+00
 M02_dPos    =    889.2750     27.6030  -1781.0380      3.0000      3.0000      3.0000   0.000e+00   0.000e+00   0.000e+00
 M03_dPos    =     36.1430   -881.3650  -1772.7040      3.0000      3.0000      3.0000   0.000e+00   0.000e+00   0.000e+00
 M04_dPos    =   -896.6990     -4.3080  -1770.4990      3.0000      3.0000      3.0000   0.000e+00   0.000e+00   0.000e+00
 M11_dPos    =    317.0814    902.2549  -1787.1182      3.0000      3.0000      3.0000   0.000e+00   0.000e+00   0.000e+00
 M12_dPos    =   1196.3881     31.0451  -1796.3477      3.0000      3.0000      3.0000   0.000e+00   0.000e+00   0.000e+00
 M13_dPos    =    248.8282   -890.8760  -1773.1111      3.0000      3.0000      3.0000   0.000e+00   0.000e+00   0.000e+00
 M14_dPos    =   -598.7459    -11.4745  -1775.9476      3.0000      3.0000      3.0000   0.000e+00   0.000e+00   0.000e+00
 dCentPos    =      0.0000      0.0000      0.0000      0.0000      0.0000      0.0000   0.000e+00   0.000e+00   0.000e+00
# ANT_to_TD  :    'forward' 'rightward'  'downward'   'sigma_F'   'sigma_R'   'sigma_D'   'cov_RD'    'cov_DF'    'cov_FR'
 ATDoffset   =      1.9392     -0.7653     21.3339      0.0000      0.0000      0.0000   0.000e+00   0.000e+00   0.000e+00

