[Obs-parameter] 
 Site_name   = CHOS
 Campaign    = 1204.meiyo_m4
 Date(UTC)   = 2012-04-19
 Date(jday)  = 2012-110
 Ref.Frame   = ITRF2008
 SoundSpeed  = ./obsdata/CHOS/CHOS.1204.meiyo_m4-svp.csv

[Data-file]
 datacsv     = ./obsdata/CHOS/CHOS.1204.meiyo_m4-obs.csv
 N_shot      =  7379
 used_shot   =     0

[Site-parameter]
 Latitude0   =  35.50277778
 Longitude0  = 141.66944444
 Height0     =  24.00
 Stations    = M01 M02 M03 M04 M11 M12 M13 M14
# Array_cent :   'cntpos_E'  'cntpos_N'  'cntpos_U'
 Center_ENU  =     41.9669     24.0699  -1529.2399

[Model-parameter]
# MT_Pos     :   'stapos_E'  'stapos_N'  'stapos_U'   'sigma_E'   'sigma_N'   'sigma_U'   'cov_NU'    'cov_UE'    'cov_EN'
 M01_dPos    =    -36.5030    698.5700  -1509.5790      3.0000      3.0000      3.0000   0.000e+00   0.000e+00   0.000e+00
 M02_dPos    =    750.0060     -9.6570  -1548.1650      3.0000      3.0000      3.0000   0.000e+00   0.000e+00   0.000e+00
 M03_dPos    =      9.6750   -781.3210  -1556.1690      3.0000      3.0000      3.0000   0.000e+00   0.000e+00   0.000e+00
 M04_dPos    =   -768.0610    -32.3080  -1519.3960      3.0000      3.0000      3.0000   0.000e+00   0.000e+00   0.000e+00
 M11_dPos    =     75.2230    802.1480  -1497.9700      3.0000      3.0000      3.0000   0.000e+00   0.000e+00   0.000e+00
 M12_dPos    =    854.5610    113.3070  -1539.5900      3.0000      3.0000      3.0000   0.000e+00   0.000e+00   0.000e+00
 M13_dPos    =    116.8820   -666.7590  -1545.8500      3.0000      3.0000      3.0000   0.000e+00   0.000e+00   0.000e+00
 M14_dPos    =   -666.0480     68.5790  -1517.2000      3.0000      3.0000      3.0000   0.000e+00   0.000e+00   0.000e+00
 dCentPos    =      0.0000      0.0000      0.0000      0.0000      0.0000      0.0000   0.000e+00   0.000e+00   0.000e+00
# ANT_to_TD  :    'forward' 'rightward'  'downward'   'sigma_F'   'sigma_R'   'sigma_D'   'cov_RD'    'cov_DF'    'cov_FR'
 ATDoffset   =      1.9452     -0.7653     21.3339      0.0000      0.0000      0.0000   0.000e+00   0.000e+00   0.000e+00

