[Obs-parameter] 
 Site_name   = KAMS
 Campaign    = 1209.takuyo_t1
 Date(UTC)   = 2012-09-06
 Date(jday)  = 2012-250
 Ref.Frame   = ITRF2008
 SoundSpeed  = ./obsdata/KAMS/KAMS.1209.takuyo_t1-svp.csv

[Data-file]
 datacsv     = ./obsdata/KAMS/KAMS.1209.takuyo_t1-obs.csv
 N_shot      =  7846
 used_shot   =     0

[Site-parameter]
 Latitude0   =  38.63633333
 Longitude0  = 143.26300000
 Height0     =  28.00
 Stations    = M01 M02 M03 M04 M11 M12 M13 M14
# Array_cent :   'cntpos_E'  'cntpos_N'  'cntpos_U'
 Center_ENU  =     43.3500     11.8875  -2219.4625

[Model-parameter]
# MT_Pos     :   'stapos_E'  'stapos_N'  'stapos_U'   'sigma_E'   'sigma_N'   'sigma_U'   'cov_NU'    'cov_UE'    'cov_EN'
 M01_dPos    =     -2.5000   1103.4000  -2221.3000      3.0000      3.0000      3.0000   0.000e+00   0.000e+00   0.000e+00
 M02_dPos    =  -1049.1000      2.9000  -2214.0000      3.0000      3.0000      3.0000   0.000e+00   0.000e+00   0.000e+00
 M03_dPos    =      0.6000  -1090.5000  -2217.4000      3.0000      3.0000      3.0000   0.000e+00   0.000e+00   0.000e+00
 M04_dPos    =   1253.5000      6.8000  -2226.6000      3.0000      3.0000      3.0000   0.000e+00   0.000e+00   0.000e+00
 M11_dPos    =    -20.8000   1108.0000  -2220.4000      3.0000      3.0000      3.0000   0.000e+00   0.000e+00   0.000e+00
 M12_dPos    =   1246.9000     18.5000  -2225.8000      3.0000      3.0000      3.0000   0.000e+00   0.000e+00   0.000e+00
 M13_dPos    =    -13.3000  -1075.6000  -2216.5000      3.0000      3.0000      3.0000   0.000e+00   0.000e+00   0.000e+00
 M14_dPos    =  -1068.5000     21.6000  -2213.7000      3.0000      3.0000      3.0000   0.000e+00   0.000e+00   0.000e+00
 dCentPos    =      0.0000      0.0000      0.0000      0.0000      0.0000      0.0000   0.000e+00   0.000e+00   0.000e+00
# ANT_to_TD  :    'forward' 'rightward'  'downward'   'sigma_F'   'sigma_R'   'sigma_D'   'cov_RD'    'cov_DF'    'cov_FR'
 ATDoffset   =     -1.7542     -0.7352     31.3712      0.0000      0.0000      0.0000   0.000e+00   0.000e+00   0.000e+00

